36
659.00		0	0	0	0	0	0
686.00		0.001	0	0	0	0	0
718.00		0.042	0.008	0	0	0	0
739.00		0.073	0.028	0.002	0	0	0
814.00		0.082	0.046	0.011	0	0	0
922.00		0.104	0.069	0.036	0	0	0
1005.00		0.116	0.082	0.058	0.015	0	0
1065.00		0.124	0.091	0.067	0.034	0	0
1143.00		0.135	0.11	0.086	0.052	0.028	0.003
1225.00		0.145	0.121	0.096	0.062	0.037	0.013
1321.00		0.156	0.132	0.108	0.072	0.047	0.023
1424.00		0.166	0.142	0.117	0.083	0.067	0.041
1562.00		0.177	0.152	0.127	0.103	0.078	0.051
1711.00		0.191	0.167	0.152	0.117	0.092	0.067
1870.00		0.205	0.187	0.178	0.149	0.129	0.12
1977.00		0.215	0.199	0.187	0.159	0.149	0.129
2090.00		0.225	0.208	0.198	0.168	0.159	0.139
2218.00		0.235	0.219	0.209	0.18	0.169	0.149
2367.00		0.245	0.229	0.219	0.19	0.181	0.159
2535.00		0.255	0.249	0.229	0.21	0.19	0.181
2767.00		0.265	0.258	0.24	0.22	0.2	0.19
3104.00		0.278	0.271	0.252	0.232	0.212	0.202
3534.00		0.294	0.291	0.275	0.259	0.253	0.237
4118.00		0.305	0.303	0.285	0.269	0.263	0.257
4650.00		0.323	0.318	0.302	0.284	0.278	0.272
5194.00		0.333	0.328	0.322	0.297	0.288	0.282
5880.00		0.343	0.338	0.332	0.306	0.3	0.292
6727.00		0.363	0.359	0.351	0.332	0.328	0.324
7939.00		0.373	0.369	0.365	0.352	0.338	0.334
9560.00		0.393	0.389	0.385	0.372	0.368	0.354
11282.00	0.403	0.399	0.395	0.386	0.378	0.364
18854.00	0.413	0.409	0.405	0.396	0.392	0.374
20221.00	0.423	0.419	0.415	0.406	0.402	0.384
22749.00	0.431	0.429	0.425	0.416	0.412	0.396
25276.00	0.441	0.439	0.435	0.426	0.422	0.408
25276.00	0.451	0.449	0.445	0.436	0.432	0.418